[gd_scene load_steps=3 format=3 uid="uid://dari2527mlhng"]

[sub_resource type="BoxShape3D" id="BoxShape3D_v08lg"]

[sub_resource type="BoxMesh" id="BoxMesh_lvapp"]

[node name="note2" type="StaticBody3D"]
transform = Transform3D(1, 0, 0, 0, 0.00223401, 0, 0, 0, 1, 0, 0, 0)

[node name="CollisionShape3D" type="CollisionShape3D" parent="."]
shape = SubResource("BoxShape3D_v08lg")

[node name="MeshInstance3D" type="MeshInstance3D" parent="."]
mesh = SubResource("BoxMesh_lvapp")

[node name="Label3D" type="Label3D" parent="."]
transform = Transform3D(-0.999956, -0.00844082, -0.00386825, 0, -0.416614, 0.909083, -0.00928498, 0.909044, 0.416596, 0, 2.28561, 0.372419)
text = "Cinemon"

[node name="Label3D2" type="Label3D" parent="."]
transform = Transform3D(-0.999956, -0.00844082, -0.00386825, 0, -0.416614, 0.909083, -0.00928498, 0.909043, 0.416596, 0, 2.28561, 0.148294)
text = "Peper
"

[node name="Label3D3" type="Label3D" parent="."]
transform = Transform3D(-0.999955, -0.00844081, -0.00386825, 0, -0.416614, 0.909083, -0.00928497, 0.909043, 0.416595, 0, 2.28561, -0.116532)
text = "Salt"
